-5.3  0.4197         0.2114         0.1883         
-5.1  0.5389         0.2047         0.2410         
-4.9  0.5448         0.3225         0.1677         
-4.7  0.6034         0.3981         0.1337         
-4.5  0.9493         0.1958         0.3736         
-4.3  1.0945         0.2019         0.3998         
-4.1  1.2286         0.2248         0.4032         
-3.9  1.3915         0.2222         0.4259         
-3.7  1.5117         0.2631         0.3990         
-3.5  1.6755         0.2583         0.4125         
-3.3  1.8018         0.2858         0.3893         
-3.1  1.9779         0.2558         0.4214         
-2.9  2.0333         0.3360         0.3426         
-2.7  2.1300         0.3622         0.3191         
-2.5  2.2300         0.3706         0.3169         
-2.3  2.3037         0.3890         0.3091         
-2.1  2.4071         0.3603         0.3532         
-1.9  2.4430         0.3803         0.3527         
-1.7  2.4125         0.4462         0.3072         
-1.5  2.4691         0.4025         0.3681         
-1.3  2.5033         0.3569         0.4219         
-1.1  2.4502         0.3737         0.3995         
-0.9  2.3038         0.4617         0.2895         
-0.7  2.2266         0.4654         0.2493         
-0.5  2.2254         0.3908         0.2808         
-0.3  2.2390         0.3141         0.3187         
-0.1  2.2096         0.3076         0.3022         
0.1   2.2644         0.2527         0.3571         
0.3   2.2526         0.3004         0.3323         
0.5   2.2318         0.3843         0.2873         
0.7   2.2559         0.4362         0.2786         
0.9   2.3299         0.4355         0.3156         
1.1   2.4606         0.3633         0.4099         
1.3   2.4947         0.3655         0.4133         
1.5   2.5480         0.3236         0.4470         
1.7   2.4996         0.3591         0.3943         
1.9   2.5075         0.3158         0.4172         
2.1   2.4436         0.3238         0.3898         
2.3   2.3223         0.3704         0.3277         
2.5   2.2673         0.3332         0.3542         
2.7   2.1105         0.3817         0.2997         
2.9   2.0041         0.3652         0.3133         
3.1   1.9361         0.2975         0.3796         
3.3   1.7353         0.3523         0.3228         
3.5   1.6879         0.2458         0.4249         
3.7   1.5785         0.1963         0.4658         
3.9   1.2767         0.3371         0.3110         
4.1   1.1797         0.2737         0.3543         
4.3   1.0612         0.2352         0.3665         
4.5   0.9580         0.1871         0.3823         
4.7   0.7445         0.2570         0.2748         
4.9   0.6122         0.2551         0.2351         
5.1   0.5636         0.1800         0.2657         
5.3   0.4608         0.1703         0.2293
